;Nyugati pályaudvar megállóhely É-D-4
;Készítette: http://www.bvemetro.hu/

;--------------------------------------------------

;Falak

;Feliratok

[MeshBuilder]
vertex  02.005,3.194,-6.25
vertex  02.165,2.950,-6.25
vertex  02.005,3.194,6.25
vertex  02.165,2.950,6.25
Face 0,1,3,2
Load mh_13_ny_oldalfal_02ib.bmp
coordinates 0,1,0
coordinates 1,1,1
coordinates 2,0,0
coordinates 3,0,1

[MeshBuilder]
vertex  02.005,3.194,6.25
vertex  02.165,2.950,6.25
vertex  02.005,3.194,25
vertex  02.165,2.950,25
Face 0,1,3,2
Load mh_13_ny_fodem_2.bmp
coordinates 0,00,0
coordinates 1,00,1
coordinates 2,15,0
coordinates 3,15,1

;szemben lévõ fal
[MeshBuilder]
Vertex -16.95,1.10,20
Vertex -16.95,3.48,20
Vertex -14.50,3.48,20
Vertex -14.50,1.10,20
Vertex -09.50,1.10,20
Vertex -09.50,3.48,20
Vertex -07.05,3.48,20
Vertex -07.05,1.10,20
;mozgólépcsõ fal
Vertex -14.50,1.10,20
Vertex -14.50,3.48,20
Vertex -14.50,3.48,25
Vertex -14.50,1.10,25
;bal oldali fal
Vertex -07.05,1.10,20
Vertex -07.05,3.48,20
Vertex -07.05,3.48,25
Vertex -07.05,1.10,25
Face 0,1,2,3
Face 4,5,6,7
Face 8,9,10,11
Face 12,13,14,15
[Texture]
Load mh_13_ny_oldalfal_04.bmp
Coordinates 0,4,3
Coordinates 1,4,0
Coordinates 2,0,0
Coordinates 3,0,3
Coordinates 4,4,3
Coordinates 5,4,0
Coordinates 6,0,0
Coordinates 7,0,3
Coordinates 8,9,3
Coordinates 9,9,0
Coordinates 10,0,0
Coordinates 11,0,3
Coordinates 12,9,3
Coordinates 13,9,0
Coordinates 14,0,0
Coordinates 15,0,3

;mozgólépcsõ fal
[MeshBuilder]
Vertex -14.50,1.10,25
Vertex -14.50,3.48,25
Vertex -14.50,3.48,40
Vertex -14.50,1.10,40
Vertex -14.50,1.10,40
Vertex -14.50,3.48,40
Vertex -09.50,3.48,40
Vertex -09.50,1.10,40
Face 0,1,2,3
Face 4,5,6,7
[Texture]
Load mh_13_ny_oldalfal_03.bmp
Coordinates 0,22,1
Coordinates 1,22,0
Coordinates 2,00,0
Coordinates 3,00,1
Coordinates 4,05,1
Coordinates 5,05,0
Coordinates 6,00,0
Coordinates 7,00,1

[MeshBuilder]
Vertex -16.95,3.48,20
Vertex -16.95,3.68,20
Vertex -07.05,3.68,20
Vertex -07.05,3.48,20
Face 0,1,2,3
color 26,32,53

;--------------------------------------------------

;Mozgólépcsõ födém

[MeshBuilder]
Vertex -14.5,3.48,20
Vertex -09.5,3.48,20
Vertex -09.5,3.48,40
Vertex -14.5,3.48,40
Face 0,1,2,3
[Texture]
Load mh_13_ny_fodem_1.bmp
Coordinates 0,1,7.6
Coordinates 1,1,0.4
Coordinates 2,0,0.4
Coordinates 3,0,7.6

;--------------------------------------------------

;oszlopok

[MeshBuilder]
cube 0.3,1.45,0.15
color 46,50,87
translate -8.95,2.55,2.50
[MeshBuilder]
cube 0.15,1.45,0.3
color 46,50,87
translate -8.95,2.55,2.50
[MeshBuilder]
cube 0.3,1.45,0.15
color 46,50,87
translate -15.05,2.55,2.50
[MeshBuilder]
cube 0.15,1.45,0.3
color 46,50,87
translate -15.05,2.55,2.50
[MeshBuilder]
cube 0.3,1.45,0.15
color 46,50,87
translate -21.15,2.55,2.50
[MeshBuilder]
cube 0.15,1.45,0.3
color 46,50,87
translate -21.15,2.55,2.50

[MeshBuilder]
cube 0.3,1.45,0.15
color 46,50,87
translate -8.95,2.55,7.50
[MeshBuilder]
cube 0.15,1.45,0.3
color 46,50,87
translate -8.95,2.55,7.50
[MeshBuilder]
cube 0.3,1.45,0.15
color 46,50,87
translate -15.05,2.55,7.50
[MeshBuilder]
cube 0.15,1.45,0.3
color 46,50,87
translate -15.05,2.55,7.50
[MeshBuilder]
cube 0.3,1.45,0.15
color 46,50,87
translate -21.15,2.55,7.50
[MeshBuilder]
cube 0.15,1.45,0.3
color 46,50,87
translate -21.15,2.55,7.50

[MeshBuilder]
cube 0.3,1.45,0.15
color 46,50,87
translate -8.95,2.55,12.50
[MeshBuilder]
cube 0.15,1.45,0.3
color 46,50,87
translate -8.95,2.55,12.50
[MeshBuilder]
cube 0.3,1.45,0.15
color 46,50,87
translate -15.05,2.55,12.50
[MeshBuilder]
cube 0.15,1.45,0.3
color 46,50,87
translate -15.05,2.55,12.50
[MeshBuilder]
cube 0.3,1.45,0.15
color 46,50,87
translate -21.15,2.55,12.50
[MeshBuilder]
cube 0.15,1.45,0.3
color 46,50,87
translate -21.15,2.55,12.50

[MeshBuilder]
cube 0.3,1.45,0.15
color 46,50,87
translate -08.95,2.55,17.50
[MeshBuilder]
cube 0.15,1.45,0.3
color 46,50,87
translate -08.95,2.55,17.50
[MeshBuilder]
cube 0.3,1.45,0.15
color 46,50,87
translate -15.05,2.55,17.50
[MeshBuilder]
cube 0.15,1.45,0.3
color 46,50,87
translate -15.05,2.55,17.50
[MeshBuilder]
cube 0.3,1.45,0.15
color 46,50,87
translate -21.15,2.55,17.50
[MeshBuilder]
cube 0.15,1.45,0.3
color 46,50,87
translate -21.15,2.55,17.50

[MeshBuilder]
cube 0.3,1.45,0.15
color 46,50,87
translate -21.15,2.55,22.50
[MeshBuilder]
cube 0.15,1.45,0.3
color 46,50,87
translate -21.15,2.55,22.50

[MeshBuilder]
cube 0.3,1.45,0.15
color 46,50,87
translate -21.15,2.55,27.50
[MeshBuilder]
cube 0.15,1.45,0.3
color 46,50,87
translate -21.15,2.55,27.50

;--------------------------------------------------

;világítás

;1.sor-8.sor
[MeshBuilder]
Vertex -07.05,03.56,01.125
Vertex -07.05,03.56,01.375
Vertex -22.20,03.56,01.375
Vertex -22.20,03.56,01.125
Vertex -07.05,03.56,03.625
Vertex -07.05,03.56,03.875
Vertex -22.20,03.56,03.875
Vertex -22.20,03.56,03.625
Vertex -07.05,03.56,06.125
Vertex -07.05,03.56,06.375
Vertex -22.20,03.56,06.375
Vertex -22.20,03.56,06.125
Vertex -07.05,03.56,08.625
Vertex -07.05,03.56,08.875
Vertex -22.20,03.56,08.875
Vertex -22.20,03.56,08.625
Vertex -07.05,03.56,11.125
Vertex -07.05,03.56,11.375
Vertex -22.20,03.56,11.375
Vertex -22.20,03.56,11.125
Vertex -07.05,03.56,13.625
Vertex -07.05,03.56,13.875
Vertex -22.20,03.56,13.875
Vertex -22.20,03.56,13.625
Vertex -07.05,03.56,16.125
Vertex -07.05,03.56,16.375
Vertex -22.20,03.56,16.375
Vertex -22.20,03.56,16.125
Vertex -07.05,03.56,18.625
Vertex -07.05,03.56,18.875
Vertex -22.20,03.56,18.875
Vertex -22.20,03.56,18.625
Face 0,1,2,3
Face 4,5,6,7
Face 8,9,10,11
Face 12,13,14,15
Face 16,17,18,19
Face 20,21,22,23
Face 24,25,26,27
Face 28,29,30,31
[Texture]
Load mh_13_ny_vilagitas_01.bmp
Coordinates 0, 10.00, 01.00
Coordinates 1, 10.00, 00.00
Coordinates 2, 00.00, 00.00
Coordinates 3, 00.00, 01.00
Coordinates 4, 10.00, 01.00
Coordinates 5, 10.00, 00.00
Coordinates 6, 00.00, 00.00
Coordinates 7, 00.00, 01.00
Coordinates 8, 10.00, 01.00
Coordinates 9, 10.00, 00.00
Coordinates 10, 00.00, 00.00
Coordinates 11, 00.00, 01.00
Coordinates 12, 10.00, 01.00
Coordinates 13, 10.00, 00.00
Coordinates 14, 00.00, 00.00
Coordinates 15, 00.00, 01.00
Coordinates 16, 10.00, 01.00
Coordinates 17, 10.00, 00.00
Coordinates 18, 00.00, 00.00
Coordinates 19, 00.00, 01.00
Coordinates 20, 10.00, 01.00
Coordinates 21, 10.00, 00.00
Coordinates 22, 00.00, 00.00
Coordinates 23, 00.00, 01.00
Coordinates 24, 10.00, 01.00
Coordinates 25, 10.00, 00.00
Coordinates 26, 00.00, 00.00
Coordinates 27, 00.00, 01.00
Coordinates 28, 10.00, 01.00
Coordinates 29, 10.00, 00.00
Coordinates 30, 00.00, 00.00
Coordinates 31, 00.00, 01.00
;
[MeshBuilder]
Cube 7.58,0.055,0.025
Color 117,34,30
Translate -14.62,3.605,1.10
[MeshBuilder]
Cube 7.58,0.055,0.025
Color 117,34,30
Translate -14.62,3.605,1.40
;
[MeshBuilder]
Cube 7.58,0.055,0.025
Color 117,34,30
Translate -14.62,3.605,3.60
[MeshBuilder]
Cube 7.58,0.055,0.025
Color 117,34,30
Translate -14.62,3.605,3.90
;
[MeshBuilder]
Cube 7.58,0.055,0.025
Color 117,34,30
Translate -14.62,3.605,6.10
[MeshBuilder]
Cube 7.58,0.055,0.025
Color 117,34,30
Translate -14.62,3.605,6.40
;
[MeshBuilder]
Cube 7.58,0.055,0.025
Color 117,34,30
Translate -14.62,3.605,8.60
[MeshBuilder]
Cube 7.58,0.055,0.025
Color 117,34,30
Translate -14.62,3.605,8.90
;
[MeshBuilder]
Cube 7.58,0.055,0.025
Color 117,34,30
Translate -14.62,3.605,11.10
[MeshBuilder]
Cube 7.58,0.055,0.025
Color 117,34,30
Translate -14.62,3.605,11.40
;
[MeshBuilder]
Cube 7.58,0.055,0.025
Color 117,34,30
Translate -14.62,3.605,13.60
[MeshBuilder]
Cube 7.58,0.055,0.025
Color 117,34,30
Translate -14.62,3.605,13.90
;
[MeshBuilder]
Cube 7.58,0.055,0.025
Color 117,34,30
Translate -14.62,3.605,16.10
[MeshBuilder]
Cube 7.58,0.055,0.025
Color 117,34,30
Translate -14.62,3.605,16.40
;
[MeshBuilder]
Cube 7.58,0.055,0.025
Color 117,34,30
Translate -14.62,3.605,18.60
[MeshBuilder]
Cube 7.58,0.055,0.025
Color 117,34,30
Translate -14.62,3.605,18.90
;
[MeshBuilder]
cube 3.03,0.055,0.025
color 117,34,30
translate -19.87,3.605,21.10
[MeshBuilder]
cube 3.03,0.055,0.025
color 117,34,30
translate -19.87,3.605,21.40
;
[MeshBuilder]
cube 3.03,0.055,0.025
color 117,34,30
translate -19.87,3.605,23.60
[MeshBuilder]
cube 3.03,0.055,0.025
color 117,34,30
translate -19.87,3.605,23.90
;
[MeshBuilder]
cube 3.03,0.055,0.025
color 117,34,30
translate -19.87,3.605,26.10
[MeshBuilder]
cube 3.03,0.055,0.025
color 117,34,30
translate -19.87,3.605,26.40

;--------------------------------------------------

;táblák

;Nyugati tábla

[MeshBuilder]
cube 0.02,0.05,0.02
color 24,24,24
translate -7.0,3.63,22

[MeshBuilder]
cube 0.02,0.05,0.02
color 24,24,24
translate -7.0,3.63,23

[MeshBuilder]
Vertex -0.1,0.0,-0.8
Vertex -0.1,0.3,-0.8
Vertex  0.1,0.3,-0.8
Vertex  0.1,0.0,-0.8
Vertex -0.1,0.0, 0.8
Vertex  0.1,0.0, 0.8
Face 0,1,2,3
Face 0,3,5,4
translate -6.95,3.28,22.5
color 48,48,48

[MeshBuilder]
Vertex 0.1,0.0,-0.8
Vertex 0.1,0.3,-0.8
Vertex 0.1,0.3, 0.8
Vertex 0.1,0.0, 0.8
Face 0,1,2,3
translate -6.95,3.28,22.5
[Texture]
Load mh_tabla_nyugati.bmp
Coordinates 0,0.08,1
Coordinates 1,0.08,0
Coordinates 2,0.92,0
Coordinates 3,0.92,1

;--------------------------------

;kijárat

[MeshBuilder]
cube 0.02,0.05,0.02
color 24,24,24
translate -6.3,3.63,15

[MeshBuilder]
cube 0.02,0.05,0.02
color 24,24,24
translate -7.3,3.63,15

[MeshBuilder]
Vertex -0.8,0.0,-0.1
Vertex -0.8,0.3,-0.1
Vertex  0.8,0.3,-0.1
Vertex  0.8,0.0,-0.1
Face 0,1,2,3
[Texture]
Load ..\tabla\kijaratz_bal.bmp
Coordinates 0,0.05,1
Coordinates 1,0.05,0
Coordinates 2,0.95,0
Coordinates 3,0.95,1
translate -6.8,3.28,15

[MeshBuilder]
Vertex -0.8,0.0,-0.1
Vertex -0.8,0.0, 0.1
Vertex  0.8,0.0,-0.1
Vertex  0.8,0.3,-0.1
Vertex  0.8,0.3, 0.1
Vertex  0.8,0.0, 0.1
face 2,3,4,5
face 1,0,2,5
color 48,48,48
translate -6.8,3.28,15

;irány

[MeshBuilder]
cube 0.02,0.05,0.02
color 24,24,24
translate -4.3,3.63,15

[MeshBuilder]
cube 0.02,0.05,0.02
color 24,24,24
translate -5.3,3.63,15

[MeshBuilder]
Vertex -0.80,0.0,-0.1
Vertex -0.80,0.3,-0.1
Vertex  0.51,0.3,-0.1
Vertex  0.51,0.0,-0.1
Face 0,1,2,3
[Texture]
Load ..\tabla\Irany_KK1.bmp
Coordinates 0,0.1,1
Coordinates 1,0.1,0
Coordinates 2,0.9,0
Coordinates 3,0.9,1
translate -4.8,3.28,15

[MeshBuilder]
Vertex 0.5,0.0,-0.1
Vertex 0.5,0.3,-0.1
Vertex 0.8,0.3,-0.1
Vertex 0.8,0.0,-0.1
Face 0,1,2,3
[Texture]
Load ..\tabla\nyil11.bmp
Coordinates 0,0,1
Coordinates 1,0,0
Coordinates 2,1,0
Coordinates 3,1,1
translate -4.8,3.28,15

[MeshBuilder]
Vertex -0.8,0.0,-0.1
Vertex -0.8,0.0, 0.1
Vertex  0.8,0.0,-0.1
Vertex  0.8,0.3,-0.1
Vertex  0.8,0.3, 0.1
Vertex  0.8,0.0, 0.1
face 2,3,4,5
face 1,0,2,5
color 0,0,204
translate -4.8,3.28,15

;---

[MeshBuilder]
Vertex -0.8,0.0,-0.1
Vertex -0.8,0.3,-0.1
Vertex  0.8,0.3,-0.1
Vertex  0.8,0.0,-0.1
Face 0,1,2,3
[Texture]
Load ..\tabla\kijaratz_fel.bmp
Coordinates 0,0.05,1.0
Coordinates 1,0.05,0.0
Coordinates 2,0.95,0.0
Coordinates 3,0.95,1.0
translate -12,3.38,20

[MeshBuilder]
Vertex -0.8,0.0,-0.1
Vertex -0.8,0.0, 0.1
Vertex  0.8,0.0,-0.1
Vertex  0.8,0.3,-0.1
Vertex  0.8,0.3, 0.1
Vertex  0.8,0.0, 0.1
face 2,3,4,5
face 1,0,2,5
color 48,48,48
translate -12,3.38,20

;---

[MeshBuilder]
Vertex -0.5,0.0,-0.1
Vertex -0.5,0.3,-0.1
Vertex  0.8,0.3,-0.1
Vertex  0.8,0.0,-0.1
Face 0,1,2,3
[Texture]
Load mh_t_02szik.bmp
Coordinates 0,0.05,1.0
Coordinates 1,0.05,0.0
Coordinates 2,0.95,0.0
Coordinates 3,0.95,1.0
translate -8.325,3.38,19.9

[MeshBuilder]
Vertex -0.8,0.0,-0.1
Vertex -0.8,0.3,-0.1
Vertex -0.5,0.3,-0.1
Vertex -0.5,0.0,-0.1
Face 0,1,2,3
[Texture]
Load ..\tabla\nyil12.bmp
Coordinates 0,0.1,1
Coordinates 1,0.1,0
Coordinates 2,0.9,0
Coordinates 3,0.9,1
translate -8.325,3.38,19.9

[MeshBuilder]
Vertex -0.8,0.0,-0.1
Vertex -0.8,0.0, 0.1
Vertex  0.8,0.0,-0.1
Vertex  0.8,0.3,-0.1
Vertex  0.8,0.3, 0.1
Vertex  0.8,0.0, 0.1
face 2,3,4,5
face 1,0,2,5
color 0,0,204
translate -8.325,3.38,19.9

[MeshBuilder]
Vertex -0.8,0.0,-0.1
Vertex -0.8,0.3,-0.1
Vertex  0.5,0.3,-0.1
Vertex  0.5,0.0,-0.1
Face 0,1,2,3
[Texture]
Load mh_t_01terez.bmp
Coordinates 0,0.25,1
Coordinates 1,0.25,0
Coordinates 2,0.75,0
Coordinates 3,0.75,1
translate -15.675,3.38,19.9

[MeshBuilder]
Vertex 0.5,0.0,-0.1
Vertex 0.5,0.3,-0.1
Vertex 0.8,0.3,-0.1
Vertex 0.8,0.0,-0.1
Face 0,1,2,3
[Texture]
Load ..\tabla\nyil23.bmp
Coordinates 0,0.05,1
Coordinates 1,0.05,0
Coordinates 2,0.95,0
Coordinates 3,0.95,1
translate -15.675,3.38,19.9

[MeshBuilder]
Vertex -0.8,0.0,-0.1
Vertex -0.8,0.0, 0.1
Vertex  0.8,0.0,-0.1
Vertex  0.8,0.3,-0.1
Vertex  0.8,0.3, 0.1
Vertex  0.8,0.0, 0.1
face 2,3,4,5
face 1,0,2,5
color 48,48,48
translate -15.675,3.38,19.9